X=23
X=23
22222222222222222222222
20000000000000000000002
20000000000000000000002
20000000000022222222202
20000002222221111111202
20000021111111111222202
20000211111111111200002
20002111111111111200002
20021111111111111120002
200211M1111111111112202
20021111111111111111102
20021111111111111112202
20002111111111111120002
20002111111111111200002
20000211111111111122002
20000211111111111111202
20000022222222222222202
20000000000000000000002
20000000000000000000002
20000000000000000000002
20000000000000000000002
20000000000000000000002
22222222222222222222222
