X=23
X=23
22222222222222222222222
20000000000000000000002
20000000000000000000002
20000000000000000000002
20001111111111111110002
20001111111111111110002
20001111111111111110002
20001111111111111110002
20001111111111111110002
20001111111111111110002
20001111111111111110002
20001111111M11111110002
20001111111111111110002
20001111111111111110002
20001111111111111110002
20001111111111111110002
20001111111111111110002
20001111111111111110002
20001111111111111110002
20000000000000000000002
20000000000000000000002
20000000000000000000002
22222222222222222222222
RandomWalls=10