X=30
Y=30
222222222222222222222222222222
200000000000000000000000000002
201110111011101001000000000002
2010101M1010001101000000000002
201010111011101011000000000002
201010100010001001000000000002
201110100011101001000000000002
200000000000000000000000000002
200000000000000000000000000002
201110111011100111010010111002
201000101010010100011010010002
201000101010010111010110010002
201000101010010100010010010002
201000111011100111010010010002
200000000000000000000000000002
200001011100000000000000000002
200010010000000000000000000002
200000011100000000000000000002
200000000100000000000000000002
200000011100000000000000000002
200000000000000000000000000002
200000000000000000000000000002
201110110101011010010111001102
201000100101010011010100001002
201000110101011010110101101102
201000100101010010010100101002
201000110010011010010111101102
200000000000000000000000000002
200000000000000000000000000002
222222222222222222222222222222
RandomWalls=0
NbOfCats=50