X=46
Y=23
2222222222222222222222222222222222222222222222
2000000000000000000000000000000000000000000002
2000000000001000000000000000000000000000000002
2000000000001000000000000000000000000000000002
2000000000001000000000000000000000000000000002
2000000000001000010000000000000000000000000002
2000000000001000000000000000010000000000000002
2000000000001000000000000000000000100000000002
2000000000001000000001000000000000000000000002
2000000000111110000000000000000000000000000002
2000000000111110000000000000000000000000000002
200000000111M111000000000001000000000000000002
2000000000111110000000000000000000000000000002
2000000000111110000000000000000000000000000002
2000000000111110000000000000000000000000000002
2000000000111110000000000000000000000000000002
2000000000111110000000000000000000000000000002
2000000000111110000000000000000000000000000002
2000000000111110000000000000000000000000000002
2000000000011100000000000000000000000000000002
2000000000001000000000000000000000000000000002
2000000000000000000000000000000000000000000002
2222222222222222222222222222222222222222222222
RandomWalls=0
NbOfCats=1